Webots Project File version R2023b
perspectives: 000000ff00000000fd000000020000000100000245000003fffc0200000001fb0000001400540065007800740045006400690074006f00720100000000000003ff0000008a00ffffff0000000300000690000000d9fc0100000001fb0000001a0043006f006e0073006f006c00650041006c006c0041006c006c010000000000000690000000000000000000000449000003ff00000001000000020000000100000008fc00000000
simulationViewPerspectives: 000000ff0000000100000002000001140000045e0100000002010000000100
sceneTreePerspectives: 000000ff0000000100000003000001ef000000f9000000000100000002010000000200
maximizedDockId: -1
centralWidgetVisible: 1
orthographicViewHeight: 1
textFiles: 0 "controllers/arena_controllers/arena_controllers.py"
renderingDevicePerspectives: e-puck:camera;1;1.11538;0;0.00285562
